360
-15 -13.55 13.55
-15 13.55 13.55
-15 13.55 -13.55
-15 -13.55 -13.55
-13.55 -13.55 -15
-13.55 13.55 -15
13.55 13.55 -15
13.55 -13.55 -15
15 -13.55 -13.55
15 13.55 -13.55
15 13.55 13.55
15 -13.55 13.55
13.55 -13.55 15
13.55 13.55 15
-13.55 13.55 15
-13.55 -13.55 15
-13.55 15 -13.55
-13.55 15 13.55
13.55 15 13.55
13.55 15 -13.55
-13.55 -15 -13.55
13.55 -15 -13.55
13.55 -15 13.55
-13.55 -15 13.55

-15 -15 15
-15 15 15
-15 15 -15
-15 -15 -15
-15 -15 -15
-15 15 -15
15 15 -15
15 -15 -15
15 -15 -15
15 15 -15
15 15 15
15 -15 15
15 -15 15
15 15 15
-15 15 15
-15 -15 15
-15 15 -15
-15 15 15
15 15 15
15 15 -15
-15 -15 -15
15 -15 -15
15 -15 15
-15 -15 15

-13.55 -13.55 15
-13.55 13.55 15
-15 13.55 13.55
-15 -13.55 13.55
-13.55 13.55 -15
-13.55 -13.55 -15
-15 -13.55 -13.55
-15 13.55 -13.55
-13.55 15 13.55
-13.55 15 -13.55
-15 13.55 -13.55
-15 13.55 13.55
-13.55 -15 -13.55
-13.55 -15 13.55
-15 -13.55 13.55
-15 -13.55 -13.55
-13.55 15 -13.55
13.55 15 -13.55
13.55 13.55 -15
-13.55 13.55 -15
-13.55 -13.55 -15
13.55 -13.55 -15
13.55 -15 -13.55
-13.55 -15 -13.55
13.55 -13.55 -15
13.55 13.55 -15
15 13.55 -13.55
15 -13.55 -13.55
13.55 15 -13.55
13.55 15 13.55
15 13.55 13.55
15 13.55 -13.55
13.55 13.55 15
13.55 -13.55 15
15 -13.55 13.55
15 13.55 13.55
15 -13.55 -13.55
15 -13.55 13.55
13.55 -15 13.55
13.55 -15 -13.55
13.55 15 13.55
-13.55 15 13.55
-13.55 13.55 15
13.55 13.55 15
13.55 -13.55 15
-13.55 -13.55 15
-13.55 -15 13.55
13.55 -15 13.55

-15 -13.55 13.55
-13.55 -15 13.55
-13.55 -13.55 15
-15 13.55 13.55
-13.55 13.55 15
-13.55 15 13.55
-15 13.55 -13.55
-13.55 15 -13.55
-13.55 13.55 -15
-15 -13.55 -13.55
-13.55 -13.55 -15
-13.55 -15 -13.55
15 -13.55 -13.55
13.55 -15 -13.55
13.55 -13.55 -15
15 13.55 -13.55
13.55 13.55 -15
13.55 15 -13.55
15 13.55 13.55
13.55 15 13.55
13.55 13.55 15
15 -13.55 13.55
13.55 -13.55 15
13.55 -15 13.55